0.4323263
0.4508085
0.4467921
0.25894339999999993
0.2853589000000001
0.21789250000000004
0.19446379999999985
0.19454020000000005
0.2854899999999998
0.3658798999999999
0.41833849999999995
0.46276940000000044
0.2576174
0.21891400000000072
0.19499370000000038
0.21338300000000032
0.19082259999999973
0.34446259999999995
0.40442780000000056
0.24927429999999973
0.3264309000000001
0.12667189999999984
0.23333709999999996
0.2164432999999999
0.3267761
0.11956280000000064
0.20737819999999996
0.22290179999999982
0.2404793000000005
0.20754200000000012
0.6523243000000001
0.2646411000000004
0.3209275000000016
0.3439444999999992
0.5609339999999996
