3.1688590999999997
3.4204408
3.5241686000000003
3.1814801999999993
3.859642899999999
2.8997329
2.723105199999999
2.9901873000000023
2.9474155000000017
3.0078505
3.0519005999999997
2.9535233999999946
2.7320191999999963
2.673860999999995
2.7021210999999994
2.985305199999999
2.7417111999999975
3.091512200000004
3.1091784999999987
2.9761144
2.9758615000000006
2.8080281000000014
3.199070000000006
3.054463499999997
3.0828632999999996
2.8134859000000034
3.1747979000000015
3.1852915999999993
2.8293680999999964
2.9082035000000133
3.140351200000012
3.1372921000000105
3.3086039000000085
3.8865251
3.4446438000000086
3.1997435
2.9378692999999996
2.9398898000000004
2.725460700000001
2.9702807999999994
2.729296999999999
2.7367107999999973
3.1574343999999996
2.8914957
3.2188103000000012
3.328591199999998
3.379331899999997
3.215993499999996
2.879669700000001
2.7624370999999996
2.8436136000000047
2.755175399999999
2.867475599999999
2.9244839000000056
2.7721508999999998
2.9700163000000046
2.7906525
2.9204244000000017
2.729700500000007
2.815273299999987
2.97373859999999
3.4106606
3.4079155000000014
2.8677127999999925
2.8957213999999993
3.241630100000009
2.8229300999999936
2.8519660000000044
2.843765899999994
3.046122100000005
2.8827995999999985
3.1892198000000036
2.7241235999999844
2.8847259000000065
2.891325600000016
2.967500599999994
3.053152600000004
3.251231099999984
3.253495500000014
3.128228400000012
3.3378371999999956
3.1400979000000007
2.8096147000000258
2.914714700000019
3.3437610000000006
2.5353094999999826
3.100951600000002
2.9841460000000097
2.9819022000000075
2.7171155999999996
3.214398999999986
3.039869899999985
2.8970812999999964
2.7485768000000235
2.827562499999999
3.0067473999999947
3.215350099999995
3.8895079000000123
4.237977099999995
3.6986526999999967
3.054961700000007
3.178077800000011
3.77038730000001
3.225272899999993
2.89389749999998
3.555041799999998
3.0011048000000073
3.471123399999982
2.736268800000005
3.1244747000000075
2.6627796999999873
3.219270100000017
2.861958099999981
2.647727400000008
2.985775100000012
3.241527499999961
3.288896500000021
3.0220555999999874
2.9133419000000345
3.142864799999984
3.251616599999977
4.247651700000006
3.4238189000000148
3.0650671000000216
3.026900899999987
2.793374800000038
2.8669669999999883
3.5955701999999974
3.879631800000027
3.3024573999999802
3.0268106999999986
2.8430053999999814
3.053567899999962
3.053412900000012
3.0033490000000143
3.568276400000002
2.8799485999999774
3.0049834000000146
2.8711781000000087
4.0103718999999955
3.2214965999999663
3.7147992999999815
3.3900186999999846
3.1288790000000404
3.0078093000000194
3.051936699999999
2.969656900000018
3.016804699999966
3.4104479000000083
3.125832399999979
3.0009567000000175
3.450468199999989
2.9266556999999693
2.989199199999973
2.9574773999999593
3.002113300000019
3.0606966000000284
3.083178000000032
2.972270299999991
2.9815408999999704
3.0475772000000347
2.966534899999999
3.254789600000038
2.9220757000000503
3.014896599999986
3.0273767000000475
3.0632252000000335
2.9653639
3.1457719999999654
3.0645165999999904
3.305444399999999
3.224215099999981
3.4261288999999806
2.982764999999972
3.519642000000033
3.2887501999999813
3.02652599999999
3.2408735000000206
3.1627136999999834
4.068227499999921
3.933165699999904
4.5852175999999645
3.6611376000000746
3.268344500000012
3.093198099999995
2.975804000000039
2.9290925000000243
2.9963270999999168
3.389144999999985
2.8572405999999546
2.8915170999999873
3.092873000000054
3.4017252999999528
3.985813300000018
3.183247499999993
3.0991537999999537
3.2327068000000736
4.134540000000015
4.263135600000055
3.8676170999999613
3.118029399999955
3.229362599999945
3.1721545000000333
3.1650032999999667
3.623726999999917
3.132802999999967
3.224411000000032
3.494353599999954
3.351385499999992
3.288539700000001
3.1767244999999775
3.3556756000000405
3.0345168999999714
3.17608759999996
3.09614160000001
3.4546962000000576
3.1767593000000716
3.0294222999999647
3.3751610000000483
2.914158999999927
2.898132700000019
3.675972199999933
3.4908327000000554
3.471344199999976
3.0026933000000327
3.3344668999999385
2.8853771999999935
3.425008299999945
2.6323641999999836
2.860252399999922
2.8753388000000086
2.8706147999999985
3.1348563999999897
2.9434126999999535
3.1561122000000523
3.0320699000000104
3.033467500000029
3.637526399999956
3.1763360999999577
3.078886699999998
3.6300355000000764
3.6814312999999856
3.608691699999895
3.4183004999999866
2.989115599999991
3.1109716999999364
3.588688100000013
2.8638449999999693
3.029412999999977
2.835055699999998
3.1303629999999885
3.6152549999999337
3.9616031000000476
3.4229252999999744
4.344285300000024
4.380766600000015
4.230158000000074
3.676760599999966
3.143779499999937
3.787522200000012
3.338577100000066
3.3263938000000053
3.603983900000003
3.4280275999999503
4.527082700000051
4.543337299999962
3.6696706000000177
3.2686482000000296
2.952775299999985
3.1881190999999944
3.408787200000006
3.239348800000016
3.1281189999999697
3.162033700000052
3.3870660000000044
3.392971800000055
3.4849752999999737
3.5432740999999623
3.357380400000011
3.123761800000011
3.2672268999999687
2.783411399999977
3.2046993000000157
3.168828000000076
2.9655687000000626
3.7841957999999067
3.8323019000000613
3.124114500000019
3.1787089999999125
3.0646695000000364
3.250519200000099
3.1548502000000553
3.051840900000002
3.153689600000007
3.6446095000000014
3.2835508000000573
3.066145200000051
2.969658699999968
3.123303700000065
3.0190959999999905
3.2473903000000064
3.074419799999987
3.089975900000013
3.185412900000074
2.806582100000014
3.103373300000044
2.9575016000000005
3.2727727999999843
3.074317800000017
3.2461858000000348
3.359941000000049
3.338392200000044
3.2054635000000644
3.093150700000024
3.0970628000000033
3.1148572000001877
3.1389904000000115
3.403747100000146
3.330678399999897
3.1180300999999417
2.7540893000000324
3.3973888000000443
2.899376200000006
3.2095222999998896
3.164017699999931
3.2439909999998235
3.124726600000031
3.0294088999999076
3.3745182000000113
3.70832960000007
3.1196324999998524
3.4413959000000887
4.114416899999924
3.357086499999923
3.2396668000001227
3.4652066999999533
3.153096099999857
3.444302999999991
4.139078100000006
4.149206999999933
4.93989519999991
3.7688313999999536
4.1747715000001335
3.2911534999998366
3.0407906999998886
3.338542399999824
3.4615759000000708
3.155395100000078
3.1563822999999047
3.448642700000164
3.4444730000000163
3.4608115999999427
3.265585000000101
3.156987400000162
3.1551170000000184
3.307733399999961
4.164682999999968
3.3272031999999854
3.6146486999998615
3.6882029000000784
3.406804299999976
3.669207599999936
4.226119599999947
4.552084700000023
4.44721340000001
4.476316900000029
3.359954400000106
3.2057678999999553
3.4131183000001784
3.666510600000038
4.1456459000000905
4.056197600000132
3.415853900000002
3.2553709999999683
2.9916633000000274
3.7901460999999017
4.194778600000063
3.6451735999999073
3.3370804999999564
3.466213800000105
3.392571900000121
3.290958900000078
3.0738202
3.753434900000002
4.247183899999982
4.1169852
3.5245365
3.6250718000000006
3.7891958
3.6395339
3.012766199999998
3.269315299999999
4.890379099999997
3.620297499999996
4.773711499999997
3.6010612000000037
3.950500400000003
3.3107062999999997
3.159508500000001
3.1749784000000005
3.4236127000000067
3.4597107000000022
3.654781700000001
3.5938443000000007
3.558593799999997
3.3795901000000015
3.226734399999998
3.278657300000006
3.738011
3.2272590999999977
3.0551486000000097
3.5106499999999983
3.46224509999999
3.1541083999999984
3.221724299999991
3.528923199999994
3.186910499999996
3.695996600000001
3.761412800000002
3.7889531000000005
3.1035697
3.0673559999999997
3.2015835999999993
2.8842990000000004
3.9385934
3.4361178999999997
3.543159000000001
4.338628700000001
3.668718
3.0898657000000007
2.878798800000002
4.064465600000002
2.974870199999998
3.2795260000000006
3.252986
3.1949585999999996
2.914403499999999
3.045201199999994
2.9933182999999985
2.934606600000002
3.0634978000000004
3.1697725000000005
3.4793207000000024
3.199031199999993
3.219491899999994
3.0662716000000074
3.06638319999999
3.065650700000006
3.032203999999993
2.9262025000000023
3.3365812999999918
3.0605189999999993
3.2745840000000044
3.138060699999997
3.843582799999993
3.1516433999999975
3.3209363999999937
3.568114500000007
3.7280061000000018
3.1350594999999997
3.0196841000000005
3.0168992999999995
3.633004399999999
3.0686657000000004
2.8067917000000016
2.8624292999999987
3.319957200000001
2.8217812
3.071015099999997
3.1963317000000018
3.220528900000005
2.947745900000001
2.941861600000003
3.409926800000001
2.791903099999999
2.9687144999999973
3.3539620000000028
2.980279099999997
2.921393800000004
3.000965899999997
3.0179703000000018
3.4865886999999987
3.6955011999999954
3.1770448000000044
3.1907985999999937
3.0782793999999996
2.8815747000000016
3.133015599999993
3.0477925
3.227157399999996
3.1605255000000056
3.094000499999993
3.1542890000000057
3.3968679000000037
3.4025051
3.1679465
3.1177526999999996
3.0887838999999992
3.0923154999999998
3.108575799999999
2.973748999999998
3.6989732999999987
3.036139200000001
3.197636499999998
3.1531948000000014
3.4573183999999983
3.1838472000000024
3.256853200000002
3.8215986000000015
3.2374359000000013
3.242646200000003
3.2446851999999993
3.1521325000000004
2.9548210000000026
3.1331157000000047
3.3670583000000107
3.5809282000000024
3.5269961999999992
3.6614490999999987
3.1671910999999966
3.1502353000000056
2.857676699999999
3.0783823000000012
2.942847300000011
3.4633726999999936
3.040002000000001
3.421153700000005
3.743240099999994
3.649378200000001
3.2329708999999998
3.2401277
3.0654885000000007
2.8057625
2.913169999999999
2.754243100000002
2.8747635000000002
3.199906800000001
2.7579740999999984
2.828416299999997
2.9125013999999965
2.909436399999997
2.9342147000000054
3.0412535999999974
2.835138200000003
2.7103237000000036
2.970511099999996
2.8204635999999965
3.2090989000000008
3.0302864000000014
3.0283232000000027
2.5989173999999977
2.6918852999999956
2.7084899000000036
2.821261100000001
2.600931899999992
2.992783100000011
2.8359278999999873
2.782324399999993
2.9523911
3.0970597000000026
3.0099949000000095
3.241110699999993
2.9697893999999962
3.0961520999999976
2.9645531000000034
3.105567800000003
3.4000974
3.126113
3.2862651000000005
2.927447899999999
2.9616533999999994
3.065313699999999
3.0260521999999987
3.3598597000000012
3.0080479999999987
3.2565638999999997
3.329212000000002
3.115025899999999
3.2214759000000015
3.0682478000000017
2.9618079999999978
2.982303299999998
2.9088066999999995
3.2841734000000002
3.4680547999999973
3.3384596999999943
3.065495399999996
3.2167712999999907
3.0871689999999887
3.2804482000000093
3.7229546999999883
3.1479441000000037
3.0541601000000043
2.885368799999995
3.124021499999998
3.1624721999999963
3.3276532000000003
3.0012332999999956
3.238968799999995
3.539896799999994
3.315091499999994
2.919272399999983
3.5327519000000223
3.004091599999981
3.1135156999999936
3.187260899999984
3.280646499999989
3.220429199999984
3.1688889999999788
3.0018394999999884
3.2831493000000194
3.3476883999999814
3.2695868000000132
3.505049200000002
3.4009291000000132
3.232951000000014
2.9069140999999945
3.3504655000000128
3.2364565000000027
3.0421177000000057
3.344317200000006
3.804151599999983
3.2665977999999996
3.325428300000027
3.3853690000000256
3.000582300000019
3.457895399999984
3.272415699999982
3.356605000000002
3.1784820000000025
3.36629480000002
3.148696000000001
3.0052901999999904
3.3466986999999904
3.334735600000016
3.228433499999994
3.349571400000002
3.450186599999995
3.3614898000000153
3.1549165999999786
3.105470999999966
3.1311014999999998
3.4687274000000343
3.3294868000000406
3.036664500000029
4.019860999999992
3.859622399999978
3.541405999999995
3.5670657000000006
4.200072799999987
5.018793200000005
3.80657930000001
3.9124391999999943
3.6172359999999912
3.382978900000012
3.532298400000002
3.2321329000000105
3.207576499999959
3.281080700000018
3.087300300000038
2.966592800000001
3.5156400999999846
3.2723229999999717
3.284461799999974
3.331550400000026
3.3031732000000034
3.7948948999999743
4.718579700000021
3.160046399999999
2.8463662999999997
3.6033632000000466
3.666331800000023
2.890467199999989
3.211693999999966
3.2779725999999982
3.120176700000002
3.115319099999965
3.079420700000014
3.50989450000003
3.99318420000003
4.658796700000039
3.8755120999999804
4.041170899999997
4.8458482000000345
3.9276416000000154
3.4913794999999936
3.0290919999999915
3.3796982999999727
3.385311099999967
3.083710100000019
3.4032564999999977
3.217940999999996
3.3263064000000213
3.4213976000000343
3.272748100000001
3.384887400000025
3.4401406000000065
3.05730920000002
3.447403300000019
3.7256164000000354
2.830217800000014
3.776111799999967
3.5806144000000018
3.350618499999939
3.4163295999999264
3.4942795999999134
3.816845199999989
3.491323199999897
3.6565802999999732
3.1072781000000305
3.5116217000000916
3.3411519
3.151550499999985
3.497646099999997
3.9157061999999314
3.323125799999957
3.3053573999999344
3.2518482000000404
3.329107399999998
3.190256800000043
3.066804900000079
3.277746699999966
3.730751400000031
3.105284099999949
3.319501100000025
3.2708241999999927
3.4102236999999604
3.166008599999941
3.6282443999999714
3.978076099999953
3.497028699999987
3.4161519000000453
3.495216400000004
3.681885700000066
3.427358799999979
3.374292299999979
3.704156399999988
3.1681098999999904
3.4499234999999544
3.2434787999999344
3.1884019000000308
3.1497964999999795
3.6323255999999446
4.3044837000000005
4.237949899999999
4.3572337
4.000678800000001
4.115826000000002
3.3459575999999984
4.1835408
4.7892069
4.0823778
3.4148338000000003
4.2012086
4.895197399999999
4.475249
4.446526500000001
4.0574422000000006
3.767180200000002
3.7969970999999987
4.4176172
4.4053838
5.330172399999999
4.375454699999999
4.2051087
4.736218300000001
4.666731099999996
4.452860900000005
4.119525299999999
4.341768199999997
4.6104605
4.572303099999999
5.6566776999999995
4.250701900000001
4.5078494
4.2428157
4.6585918
5.1570429
4.5771003000000015
4.3030419
4.121728700000002
4.2665679999999995
4.045384400000003
3.736467300000001
4.302719000000001
4.7685528999999995
5.2794241
4.2171121
4.323473900000001
4.605258
4.995249399999999
4.875575499999998
4.159543499999998
3.984721499999999
3.9431647000000005
4.644816799999997
4.125364099999999
4.182093399999999
4.023118799999999
4.276732899999999
4.2965311
4.5868551
5.2008183
4.327318699999999
4.102781100000001
3.8672283000000007
3.954730099999999
4.598502800000002
4.0776903999999945
4.240215299999996
4.159000300000002
3.610242900000003
3.801288999999997
3.8793950999999964
3.3124483
3.5018572000000034
3.253062
3.5255010999999996
3.471249499999999
3.2785954000000004
3.6754085999999973
3.2006501999999983
3.305226199999993
3.3963651000000112
3.438283900000002
3.6392002000000048
3.2878510999999975
3.3823347999999953
3.3136457000000092
3.226745600000001
3.5529008000000033
3.2726325999999943
3.403624700000009
3.6776093999999944
3.6630502999999948
4.233558599999999
4.826847300000001
4.983199600000001
4.567126699999999
4.319076900000002
4.829602399999999
4.8562045000000005
5.467202899999997
4.2350059999999985
4.3679931
3.8451987000000045
3.9163850999999994
3.673433099999997
3.6121713
3.3897468999999987
3.892844100000005
4.87873780000001
4.5598717
4.5475419
5.358717200000001
4.2183575000000015
4.235712899999999
4.016656999999999
4.083040999999998
4.5066396
4.118636600000002
3.7910500999999996
3.7892738999999978
4.394571600000006
3.427220299999995
3.357171699999995
3.352796599999998
3.5169691000000043
3.328522399999997
3.598032499999988
3.5937045999999953
3.6253750999999994
3.5051883999999944
3.310912700000003
3.465409699999995
3.5022759000000008
3.452443599999995
3.4887231000000014
3.724880800000008
3.517749000000009
3.6622725000000003
3.3870191000000034
3.6186667000000057
3.553780500000002
3.5544445000000024
3.581694800000008
3.632473300000015
